а 0,01 0,009121781006044211
а-а 0,001 1,980576993261612E-05
академик 0,001 5,474403824071423E-05
апрель 0,001 9,591333529165784E-05
атака 0,001 4,7511594164197104E-05
аттитюд 0,001 3,783124593870495E-06
афера 0,001 3,894392964278451E-06
бабушка 0,002 0,00011327120107529894
бедствие 0,001 1,4798693264258113E-05
без 0,002 0,001133602157716253
бензин 0,001 2,4479041489750262E-05
беременность 0,001 1,746913415404905E-05
благополучный 0,001 1,7357865783641096E-05
благословить 0,001 9,235274743860326E-06
блестка 0,001 3,2267827418307163E-06
более 0,002 0,0007857772318209835
болезнь 0,002 0,00012195013396711948
больной 0,002 0,00010392465796103066
большой 0,002 0,001050818490132734
братия 0,001 7,343712446925078E-06
будто 0,001 0,00019338442776902707
буквально 0,001 8,122591039780769E-05
бы 0,004 0,0025840966343543643
быстрый 0,001 0,00013329950774873097
быть 0,012 0,013531012720200275
в 0,035 0,03490956106853285
вакцинация 0,001 8,456396151004636E-06
ваш 0,001 0,0006091943279835577
вдохновить 0,001 6,6761022244773445E-06
вдруг 0,001 0,0005599024398928332
ведение 0,001 4,595383697848572E-05
век 0,001 0,0003531658076748515
великолепный 0,001 3,805378267952087E-05
венчать 0,001 5,118345038765963E-06
вернуться 0,001 0,00034626716870955824
верхний 0,001 9,335416277227487E-05
вес 0,001 6,264409253967908E-05
вести 0,001 0,00031188524225349995
весь 0,006 0,004212954308756428
вечер 0,001 0,00037319411434828353
вещь 0,001 0,00026982579823929266
взять 0,002 0,0005850490916050312
взяться 0,001 7,633010209985763E-05
вид 0,001 0,0006899751648997335
видно 0,001 0,0001726885108731473
видный 0,001 7,06554152090519E-05
визит 0,001 5,5411648463161954E-05
висок 0,001 2,0028306673432033E-05
внешний 0,001 0,0001561095236823619
во 0,004 0,0012993920296241071
водоросль 0,001 9,791616595900106E-06
возможность 0,001 0,00045341860941241964
возможный 0,001 0,00019928165140064872
возникнуть 0,001 0,00014865454286502885
войти 0,001 0,00022865650118834903
вот 0,003 0,001986251680152418
врать 0,001 4,762286253460505E-05
врач 0,001 0,00019260554917617138
время 0,003 0,0022428365423131638
вряд 0,001 9,090625862329985E-05
все 0,003 0,003456885731834369
всего 0,001 0,00018993510828638042
вспоминать 0,001 0,00015121371538441184
встретиться 0,001 9,8027434329409E-05
встреча 0,001 0,00025024256504749243
второй 0,002 0,0006146464781335475
вы 0,006 0,003233903917536826
выглядеть 0,001 0,00015766728086807327
выдвигать 0,001 1,3463472819362643E-05
выехать 0,001 2,8373434454028713E-05
выйти 0,002 0,0005350895932918591
вынуть 0,001 4,205944401420726E-05
выписать 0,001 1,9138159710168385E-05
вырваться 0,001 3,5383341789729924E-05
высоко 0,001 8,934850143758846E-05
выходить 0,001 0,00022431703474243877
вычислить 0,001 1,2462057485691041E-05
вэ 0,001 3,894392964278451E-06
гений 0,001 4,361720119991865E-05
генсек 0,001 6,342297113253477E-06
геофизический 0,001 6,231028742845521E-06
гигантский 0,001 3,760870919788904E-05
главное 0,001 0,00011204724900081143
главный 0,001 0,0005058260118745668
гладь 0,001 6,7873705948853E-06
говорить 0,002 0,0019527599006596231
говориться 0,001 8,601045032534978E-05
говорят 0,001 5,852716283458472E-05
год 0,009 0,00414752850695655
голова 0,002 0,0007893378196740379
господи 0,001 7,410473469169852E-05
государство 0,001 0,0003631799610115675
да 0,004 0,0008912596469677254
данный 0,001 0,00026826804105358127
даром 0,001 1,490996163466607E-05
дата 0,002 5,507784335193809E-05
дать 0,002 0,0006376790308079943
два 0,001 0,001429909828112639
двигаться 0,001 9,713728736614535E-05
двор 0,001 0,00018570691021087813
дворец 0,001 6,731736409681322E-05
девочка 0,001 0,00020595775362512606
девчушка 0,001 3,1155143714227603E-06
действительность 0,001 5,874969957540062E-05
дело 0,002 0,0015712206585307429
демонстрировать 0,001 3,8165051049928815E-05
день 0,003 0,001400201173213715
деревня 0,001 0,00013919673138035262
дерево 0,001 0,00019127032873127593
джип 0,001 1,6356450449969494E-05
директор 0,001 0,00024723831904647765
для 0,006 0,0035931894855841147
до 0,002 0,0022933523824783756
довести 0,001 4,383973794073456E-05
довольно 0,001 0,00020050560347513623
догадаться 0,001 6,353423950294272E-05
дожидаться 0,001 2,948611815810827E-05
долговременный 0,001 5,340881779581875E-06
должен 0,002 0,001050595953391918
дом 0,001 0,0008819131038534572
дорога 0,002 0,0003672968907166619
дрова 0,001 2,8707239565252582E-05
дрожать 0,001 5,619052705601765E-05
друг 0,001 0,0009727080941063491
думать 0,001 0,0008406325384321056
дыхание 0,001 6,0752530242743834E-05
дьявол 0,001 2,147479548873546E-05
европейский 0,001 0,00011672052055794558
его 0,002 0,002868387320746691
единственный 0,002 0,0002249846449648865
ее 0,003 0,0013565839720137965
еще 0,006 0,0025857656599104833
же 0,005 0,0034986113707373523
жениться 0,001 5,563418520397787E-05
жечь 0,001 1,5688840227521758E-05
живой 0,001 0,0003160021719585943
жизненный 0,001 6,130887209478361E-05
жить 0,001 0,0008072520273097189
за 0,004 0,004344028449097
загадка 0,001 2,8595971194844625E-05
заголовок 0,001 1,068176355916375E-05
задний 0,001 9,669221388451354E-05
закон 0,001 0,00048223711734808014
законный 0,001 5,196232898051533E-05
законодательный 0,001 4,306085934787887E-05
законодательство 0,001 9,713728736614535E-05
зал 0,001 0,0002295466481516127
заметный 0,001 4,9848229942764165E-05
запоминать 0,001 1,0793031929571707E-05
заранее 0,001 7,009907335701211E-05
зарекомендовать 0,001 4,562003186726185E-06
заставить 0,001 0,00010247816914572723
застать 0,001 2,8262166083620755E-05
зачем 0,001 0,00027561175350050633
знать 0,001 0,0019069173320515453
значение 0,001 0,0002282114277067172
золотой 0,001 0,00013741643745382535
и 0,048 0,0398360794367155
играть 0,001 0,0003550573699717868
идти 0,003 0,0010649495731745444
из 0,007 0,004800228767769619
из-за 0,001 0,00032223320070143985
из-под 0,001 9,658094551410558E-05
или 0,002 0,002609243286066562
иметь 0,001 0,0010088703144889347
имя 0,002 0,00044696504392875816
инвестиция 0,001 5,42989647590824E-05
индивидуализм 0,001 3,2267827418307163E-06
иногда 0,001 0,00027794838927907347
иностранец 0,001 3,838758779074473E-05
интеллигентный 0,001 2,459030986015822E-05
интерпретация 0,001 2,2031137340775237E-05
интрига 0,001 1,880435459894452E-05
искать 0,001 0,00023021425837406042
исключительно 0,001 3,805378267952087E-05
искусство 0,001 0,00022542971844651831
использовать 0,001 0,00027772585253825753
исходный 0,001 4,128056542135158E-05
их 0,005 0,0011972476655896036
к 0,002 0,005996252481284735
каждый 0,001 0,0009745996564032843
казна 0,001 1,1126837040795574E-05
как 0,003 0,004899925227655147
какой 0,003 0,0012147167997436528
капризный 0,001 8,901469632636458E-06
картина 0,001 0,0002046225331802306
квартира 0,001 0,00032367968951674324
ко 0,001 0,0002667102838678699
когда 0,003 0,002109314497823617
когда-нибудь 0,001 4,4952421644814115E-05
колдовской 0,001 3,004246001014805E-06
количество 0,001 0,0002299917216332445
комната 0,001 0,0003457108268575185
компания 0,001 0,0004369508905920422
компьютер 0,001 7,032161009782803E-05
конструктор 0,001 2,848470282443667E-05
корень 0,001 7,08779519498678E-05
коробка 0,001 5,452150149989831E-05
косточка 0,001 1,3352204448954689E-05
который 0,004 0,004683285710470857
кофе 0,001 6,854131617130074E-05
крупный 0,001 0,00024178616889648782
кто 0,002 0,0015297175563685754
куда 0,001 0,00039544778842987466
лежать 0,001 0,00035394468626770724
летний 0,001 0,00010370212122021475
ли 0,001 0,0010923215922949015
литр 0,001 1,8581817858128607E-05
лицо 0,001 0,0009769362921818513
лишь 0,001 0,0006147577465039554
логистика 0,001 1,3352204448954689E-05
логистический 0,001 1,1794447263243307E-05
лоза 0,001 3,671856223462539E-06
ломоть 0,001 4,562003186726185E-06
любоваться 0,001 2,1808600599959325E-05
любовь 0,001 0,0003603982517513686
магазин 0,001 0,00016378704124051083
мальчишка 0,001 6,231028742845521E-05
масло 0,001 8,122591039780769E-05
мать 0,001 0,0003672968907166619
машина 0,001 0,0005456600884806149
между 0,001 0,0006759553502283311
менее 0,001 0,00021463668651694663
мертвый 0,001 7,877800624883265E-05
мести 0,001 5,340881779581875E-06
металлургия 0,001 1,2795862596914909E-05
мир 0,001 0,0007952350433056597
мирно 0,001 1,669025556119336E-05
младенец 0,001 2,6259335416277554E-05
можно 0,001 0,0012527705824231738
мой 0,004 0,0019141497761280624
монастырь 0,001 6,030745676111201E-05
моральный 0,001 4,361720119991865E-05
мотив 0,001 5,1851060610107376E-05
мочь 0,002 0,003240468751390895
мощный 0,001 8,567664521412591E-05
муж 0,001 0,0002926358141729236
мужик 0,001 0,0001387516578987208
мужчина 0,001 0,0002817315138729439
мы 0,005 0,005234954290953502
мысль 0,002 0,00036896591627278124
на 0,021 0,01765528613774156
над 0,001 0,0005975111490907223
надо 0,003 0,0011051174548918164
нажать 0,001 2,6259335416277554E-05
назад 0,001 0,0003234571527759273
называть 0,001 0,0003264613987769421
наиболее 0,001 0,00018604071532210198
наконец 0,001 0,00029586259691475426
налог 0,002 0,00011649798381712966
напевать 0,001 1,0125421707123972E-05
наркотик 0,001 3,649602549380948E-05
народ 0,004 0,00042905083629307737
нарушение 0,001 0,00010770778255490115
население 0,001 0,00019638867377004188
наш 0,001 0,0019269456387249774
не 0,013 0,02005946181714626
небритый 0,001 8,567664521412592E-06
неизвестный 0,001 6,442438646620637E-05
неинтересный 0,001 1,3018399337730821E-05
ненависть 0,001 4,817920438664483E-05
несколько 0,001 0,0006939808262344199
несчастный 0,001 6,10863353539677E-05
нет 0,003 0,0009724855573655331
неудовлетворительный 0,001 4,116929705094363E-06
ни 0,002 0,0009549051548410762
никогда 0,001 0,00044707631229916616
никто 0,001 0,0006255507784335272
ничто 0,003 0,0010045308480430243
но 0,006 0,00598779608513373
новый 0,001 0,0013546924097168611
нога 0,001 0,0005109443569133327
нормальный 0,001 0,00013708263234260147
носок 0,001 2,8039629342804846E-05
ну 0,001 0,0012401972565670746
ныне 0,001 6,18652139468234E-05
о 0,003 0,00379102464816946
об 0,001 0,0007950125065648438
обидеть 0,001 3,3825584604018544E-05
область 0,001 0,00044529601837263883
обман 0,001 2,1252258747919547E-05
обмен 0,001 5,3965159647858534E-05
обнаружить 0,001 0,00013908546300994468
обнаружиться 0,001 1,8693086228536564E-05
обо 0,001 6,843004780089278E-05
образование 0,001 0,0002101859517006284
общественный 0,001 0,00018704213065577358
объединять 0,001 2,5702993564237776E-05
объяснить 0,001 0,00017958714983844058
обязанный 0,001 6,064126187233588E-05
обязать 0,001 3,6718562234625396E-05
одеть 0,001 3,771997756829699E-05
один 0,005 0,0024987537942514617
однако 0,002 0,0005419882322571524
ой 0,001 7,176809891313145E-05
оказаться 0,001 0,0005918364621999166
окно 0,001 0,0003124415841055397
омрачить 0,001 3,004246001014805E-06
он 0,011 0,013119764823172468
она 0,005 0,006222572346694516
они 0,008 0,005396515964785853
опираться 0,001 3,783124593870495E-05
определение 0,001 0,00013363331285995482
опубликовать 0,001 6,453565483661433E-05
ор 0,001 7,788785928556902E-06
орган 0,001 0,00032089798025654434
организация 0,001 0,0003476023891544537
орудие 0,001 3,560587853054583E-05
осень 0,001 9,101752699370779E-05
основательный 0,001 6,00849200202961E-06
остальной 0,001 0,00011371627455693077
остаток 0,001 5,874969957540062E-05
от 0,004 0,004086330903232175
ответить 0,001 0,00041213804399106805
ответственность 0,001 0,00012662340552425363
отвечать 0,001 0,0002585876928280891
отец 0,001 0,0005386501811449137
отечество 0,001 2,8373434454028713E-05
отношение 0,001 0,0006202098966539452
отпустить 0,001 6,409058135498251E-05
официант 0,001 2,3032552674446836E-05
охладить 0,001 6,7873705948853E-06
охотник 0,001 2,9931191639740093E-05
очень 0,001 0,0014318013904095744
папироса 0,001 1,9249428080576342E-05
партия 0,001 0,00027861599950152117
пень 0,001 1,0347958447939884E-05
передавать 0,001 5,4855306611122175E-05
переиграть 0,001 4,339466445910274E-06
перепись 0,001 1,513249837548198E-05
перехват 0,001 5,674686890805742E-06
пирамида 0,001 1,7802939265272916E-05
пирожное 0,001 8,122591039780768E-06
писать 0,001 0,0004943653697225474
план 0,001 0,00026181447556991984
по 0,005 0,006438766790397174
победа 0,001 0,0001379727793058651
повествование 0,001 1,4131083041810377E-05
поговорить 0,001 9,268655254982713E-05
подвеска 0,001 1,2795862596914909E-05
подготовка 0,001 0,0001423122457517754
подолгу 0,001 1,2795862596914909E-05
подполковник 0,001 2,6481872157093466E-05
подступ 0,001 4,339466445910274E-06
подхватить 0,001 3,616222038258562E-05
пойти 0,001 0,0006533678710355161
пока 0,001 0,0004075760408043419
показание 0,001 3,4493194826466276E-05
показаться 0,001 0,00015844615946092897
показной 0,001 2,892977630606849E-06
покой 0,001 6,564833854069388E-05
поколение 0,001 0,00010704017233245342
покрытие 0,001 2,8262166083620755E-05
полететь 0,001 3,260163252953103E-05
полить 0,001 6,342297113253477E-06
полиция 0,001 4,2504517495839094E-05
пользование 0,001 4,228198075502318E-05
помещение 0,001 0,00010225563240491133
помин 0,001 6,00849200202961E-06
понимать 0,001 0,0006227690691733283
понюхать 0,001 6,6761022244773445E-06
понятно 0,001 9,836123944063288E-05
поодаль 0,001 8,011322669372814E-06
попутчик 0,001 7,121175706109168E-06
порождать 0,001 1,980576993261612E-05
порядок 0,001 0,0003422615073748719
после 0,003 0,0012018096687763298
последний 0,001 0,0007928984075270926
посол 0,001 4,0724223569311805E-05
поспешить 0,001 2,0028306673432033E-05
постепенно 0,001 0,00010203309566409541
потом 0,001 0,0011194710746744428
потому 0,001 0,0008559875735484034
потребность 0,001 7,811039602638493E-05
походка 0,001 1,8136744376496786E-05
почему-то 0,001 0,00014954468982829251
поэтому 0,001 0,0004687736445287175
пояснить 0,001 4,261578586624704E-05
правило 0,002 0,00028796254261578944
правый 0,001 0,00023410865133833888
предаваться 0,001 7,232444076517123E-06
предлог 0,001 1,4131083041810377E-05
предоставлять 0,001 3,616222038258562E-05
предпосылка 0,001 1,5800108597929716E-05
предприятие 0,001 0,0003133317310688034
представить 0,001 0,0002750554116484666
предстоять 0,001 7,432727143251443E-05
прения 0,001 4,228198075502318E-06
престол 0,001 1,4353619782626291E-05
при 0,003 0,0017255498882865776
приближаться 0,001 4,5620031867261854E-05
привести 0,001 0,00023889319126588096
привстать 0,001 7,121175706109168E-06
привыкнуть 0,001 9,557953018043398E-05
придавить 0,001 7,900054298964858E-06
приезжать 0,001 9,658094551410558E-05
приехать 0,001 0,00026081306023624827
прийти 0,003 0,0005822673823448324
приказать 0,001 6,542580179987797E-05
приложение 0,001 3,1377680455043516E-05
принять 0,001 0,0004304973251083807
причина 0,001 0,000263928574607671
пробирка 0,001 3,783124593870495E-06
проверить 0,001 7,354839283965873E-05
проводить 0,001 0,0001864857888037338
программа 0,001 0,00031444441477288296
продаваться 0,001 2,8707239565252582E-05
продажа 0,001 9,713728736614535E-05
продолжать 0,001 0,0002677116992015415
проектный 0,001 1,4576156523442201E-05
прожить 0,001 7,143429380190759E-05
произведение 0,001 9,891758129267266E-05
производство 0,001 0,00030665562884432603
произносить 0,001 4,539749512644594E-05
пророк 0,001 2,3811431267302526E-05
просить 0,001 0,00024022841171077644
просто 0,002 0,0007304768517282294
против 0,001 0,0002631496960148153
прошлый 0,001 0,00018804354598944519
прут 0,001 1,068176355916375E-05
прямой 0,001 0,00014998976330992436
психология 0,001 7,16568305427235E-05
публикация 0,001 5,418769638867445E-05
путешественник 0,001 2,0028306673432033E-05
путь 0,001 0,00039756188746762586
пыль 0,001 5,9528578168256316E-05
работа 0,001 0,0011775531640273954
работать 0,003 0,0006800722799334255
работодатель 0,001 1,6578987190785406E-05
рабочий 0,001 0,00015355035116297892
равноправие 0,001 4,895808297950053E-06
ради 0,001 0,00012150506048548767
радоваться 0,001 6,431311809579842E-05
раз 0,004 0,001259335416277243
разгар 0,001 1,5577571857113804E-05
разглядеть 0,001 3,237909578871512E-05
разгром 0,001 1,1126837040795574E-05
ранить 0,001 2,981992326933214E-05
рассказать 0,001 0,00025524964171585047
расстегивать 0,001 3,894392964278451E-06
расход 0,001 0,00010036407010797608
ребенок 0,001 0,0007324796823955725
река 0,001 0,00014576156523442201
реконструкция 0,001 3,115514371422761E-05
родитель 0,001 0,0001780293926527292
родной 0,002 0,00013385584960077076
рот 0,002 0,00014865454286502885
рука 0,002 0,0013358880551179164
русский 0,002 0,0005902787050142052
рыба 0,001 9,569079855084193E-05
рыбий 0,001 8,122591039780768E-06
с 0,013 0,012586566792177544
сам 0,002 0,0022101236414132247
самый 0,001 0,001120917563489746
свадьба 0,001 4,4062274681550474E-05
свет 0,001 0,00040023232835741676
свеча 0,001 3,5160805048914016E-05
свободно 0,001 3,5383341789729924E-05
свой 0,005 0,004256571509956347
связь 0,001 0,0003850998299819348
себя 0,001 0,0025289075226320183
северный 0,002 0,00010147675381205564
сегодня 0,001 0,0005157288968408748
седьмой 0,001 4,1614370532575446E-05
секретарь 0,001 8,567664521412591E-05
секунда 0,001 0,00011705432566916944
сестричка 0,001 3,560587853054584E-06
сесть 0,001 0,00019572106354759415
сеть 0,001 0,0001173881307803933
сидеть 0,002 0,0005987351011652099
сила 0,001 0,0007185711360945781
симпатичный 0,001 3,071007023259578E-05
ситуация 0,001 0,00033246989077897175
сказать 0,001 0,002666657765197067
склонный 0,001 2,403396800811844E-05
скорость 0,001 0,00011705432566916944
скорый 0,001 0,00024479041489750263
скромно 0,002 1,6912792302009272E-05
слабый 0,001 0,00010470353655388634
слегка 0,001 9,60246036620658E-05
следующий 0,002 0,0003353628684095786
слово 0,002 0,0010769665571786036
сложный 0,001 0,0001719096322802916
служба 0,001 0,00024267631585975146
случай 0,001 0,0007896716247852619
смерть 0,001 0,0003161134403290023
смех 0,001 8,300620432433497E-05
смиренно 0,001 4,562003186726185E-06
смотреть 0,001 0,0007423825673618808
снабдить 0,001 1,3908546300994467E-05
снижение 0,001 7,321458772843487E-05
снимать 0,002 0,0001095993448518364
со 0,004 0,0012810327485067944
собственно 0,001 9,535699343961807E-05
событие 0,001 0,0002297691848924286
советский 0,001 0,0004260465902920625
совещание 0,001 4,817920438664483E-05
современный 0,001 0,0002627046225331835
совсем 0,001 0,0005123908457286361
согласно 0,001 0,00010225563240491133
соглашение 0,001 8,434142476923045E-05
содружество 0,001 1,1238105411203529E-05
создавать 0,001 0,00012695721063547748
создать 0,001 0,0002736089228331632
сокращаться 0,001 1,0236690077531927E-05
соседка 0,001 3,160021719585943E-05
спектр 0,001 3,0042460010148047E-05
специальный 0,002 0,0001744688047996746
спина 0,001 0,00020373238621696694
спор 0,001 8,812454936310095E-05
спуститься 0,001 4,395100631114251E-05
спутник 0,001 3,549461016013788E-05
сразу 0,001 0,0005407642801826648
средний 0,001 0,00019727882073330554
срок 0,001 0,00024445660978627875
сталь 0,001 1,8136744376496786E-05
стать 0,001 0,0018045504312762261
стоять 0,002 0,00046654827712055844
стремительно 0,001 3,148894882545148E-05
стройный 0,001 2,4367773119342304E-05
суд 0,001 0,00041291692258392374
сутки 0,001 9,502318832839421E-05
сухой 0,001 9,235274743860326E-05
считать 0,002 0,0005066048904674225
съезд 0,001 5,752574750091312E-05
съесть 0,001 4,806793601623688E-05
так 0,004 0,003828077015515309
также 0,001 0,0006341184429549397
такой 0,005 0,0030006854131617504
там 0,001 0,0012552184865721485
тащить 0,001 3,5160805048914016E-05
твой 0,001 0,00040790984591556576
творческий 0,001 9,457811484676238E-05
тело 0,001 0,00031811627099634544
теневой 0,002 1,1460642152019442E-05
теннис 0,001 1,3797277930586511E-05
теоретический 0,001 4,395100631114251E-05
территориальный 0,001 3,0376265121371917E-05
то 0,01 0,004411123276452997
тогда 0,001 0,0009297585031288781
только 0,002 0,0026612056150470773
топтаться 0,001 1,1349373781611485E-05
тот 0,006 0,0033014438183744544
точка 0,001 0,0002583651560872732
требоваться 0,001 8,400761965800658E-05
третий 0,001 0,0003056542135106544
трон 0,001 9,680348225492148E-06
трудно 0,001 0,00018170124887619172
туалет 0,001 3,905519801319246E-05
тщательно 0,001 4,862427786827666E-05
ты 0,005 0,0035285425623770923
тяжкий 0,001 2,892977630606849E-05
у 0,005 0,004791327298136983
уборка 0,001 1,5688840227521758E-05
увидеть 0,001 0,0005033781077255918
угол 0,001 0,00018704213065577358
угощать 0,001 1,2573325856098999E-05
уехать 0,001 0,00013062906685894004
уже 0,002 0,002424760327930171
узнавать 0,001 9,813870269981697E-05
украшать 0,001 1,9138159710168385E-05
улица 0,001 0,0003758645552380745
умышленный 0,001 3,894392964278451E-06
упрямо 0,001 1,2795862596914909E-05
усесться 0,001 2,8262166083620755E-05
услышать 0,001 0,000178474466134361
устранение 0,001 1,6912792302009272E-05
утро 0,001 0,00033525160003917065
учреждение 0,001 8,945976980799641E-05
физический 0,001 0,0001221726707079354
форма 0,001 0,0003869913922788701
халтура 0,001 3,894392964278451E-06
химический 0,001 5,80820893529529E-05
ходить 0,001 0,0003300219866299967
хотеть 0,001 0,0011030033558540652
хотеться 0,001 0,00031744866077389774
хотя 0,001 0,0006085267177611098
частый 0,001 0,00012751355248751727
часть 0,001 0,0006513650403681729
человек 0,001 0,0030298377262086345
чем 0,002 0,0008023562190117688
четыре 0,001 0,000258921497939313
что 0,01 0,009295359663880622
что-нибудь 0,001 0,00015310527768134708
чтобы 0,001 0,001646438076926521
широкий 0,001 0,0002046225331802306
шлак 0,001 4,005661334686407E-06
эрудиция 0,001 4,895808297950053E-06
это 0,01 0,006350976046145298
этот 0,002 0,006024069573886724
эффективность 0,001 6,876385291211664E-05
я 0,017 0,014113725176026737
явиться 0,001 8,879215958554867E-05
ящерица 0,001 4,005661334686407E-06
ящик 0,001 8,389635128759863E-05
